id,AmountRechargePerc,AvgWalkedDistance,CS_placement,Deaths,Policy,ReroutePerc,TravelWithPenlaty,fitness,generation,pure_elitist,zones
362.0,13.007091292404013,2948.193813131313,"[260, 279, 297, 317, 318]",38.21551779211653,Hybrid,12.649332396345747,373.46347345556757,382155551.3846387,12.0,1.0,5.0
371.0,17.22912540727017,2716.632762976026,"[241, 258, 277, 278, 279, 297]",28.5807832364403,Hybrid,16.754775442407208,455.8772439787901,285808288.241647,9.0,1.0,6.0
390.0,15.768542771353733,2543.6579140077415,"[223, 241, 245, 263, 278, 279, 280]",18.553951319235928,Hybrid,15.26704146170063,389.0935603398709,185539902.2859196,19.0,1.0,7.0
406.0,10.75113396792947,2767.994247065226,"[168, 174, 186, 223, 240, 279, 280, 298]",8.51034945377883,Hybrid,10.27199258928001,285.0468759982112,85103779.58466429,16.0,1.0,8.0
420.0,9.716188590046636,2784.591760648709,"[136, 152, 185, 188, 192, 223, 240, 298, 299]",1.9437168593879766,Hybrid,8.567846419216764,240.3020587107903,19437408.89593848,14.0,1.0,9.0
19.0,10.18734427905194,2572.5006461874937,"[168, 169, 171, 173, 203, 246, 260, 263, 264, 279]",0.25793777550629277,Hybrid,8.0328052130582,209.8757746118955,2579587.630837539,20.0,0.0,10.0
31.0,10.201718520411422,2283.1414777497903,"[22, 99, 150, 154, 169, 188, 211, 241, 242, 248, 262, 263]",0.0,Hybrid,5.706573819715071,137.03187088736985,137.03187088736985,12.0,0.0,12.0
213.0,9.809621158883282,1777.9461657629745,"[61, 130, 152, 168, 185, 208, 239, 240, 242, 245, 249, 278, 318, 689]",0.0,Hybrid,4.123810132243021,81.84784066952022,81.84784066952022,6.0,1.0,14.0
51.0,10.955567622819906,1501.2632386799694,"[81, 96, 152, 169, 185, 187, 209, 221, 222, 234, 244, 249, 263, 280, 368, 689]",0.0,Hybrid,3.1216060819012332,58.61446687535937,58.61446687535937,11.0,0.0,16.0
247.0,11.707021018335144,1311.722906403941,"[76, 131, 135, 169, 186, 191, 205, 212, 219, 235, 241, 246, 249, 261, 263, 278, 370, 689]",0.0,Hybrid,2.593751996422411,47.69274260525139,47.69274260525139,17.0,1.0,18.0
84.0,11.764517983773079,1276.255373406193,"[59, 136, 147, 152, 167, 169, 187, 192, 205, 219, 223, 226, 231, 234, 246, 257, 282, 367, 385, 689]",0.0,Hybrid,2.1920718073212804,42.33510349453779,42.33510349453779,20.0,0.0,20.0
281.0,13.562895291637385,1180.6626281453869,"[42, 115, 135, 136, 147, 169, 186, 187, 192, 202, 204, 205, 219, 235, 240, 243, 244, 265, 295, 298, 401, 689]",0.0,Hybrid,1.713728997636236,38.0071072637833,38.0071072637833,19.0,1.0,22.0
295.0,12.62617389637769,1039.9832925835371,"[61, 92, 94, 136, 152, 168, 170, 185, 189, 202, 205, 209, 234, 238, 245, 250, 265, 274, 278, 350, 366, 374, 401, 689]",0.0,Hybrid,1.959688238676292,36.380158755510124,36.380158755510124,14.0,1.0,24.0
124.0,13.107710981920398,1045.1619585687383,"[26, 41, 95, 96, 135, 149, 150, 153, 168, 188, 205, 207, 212, 213, 221, 234, 243, 246, 249, 265, 295, 333, 353, 365, 373, 689]",0.0,Hybrid,1.6961604804190888,34.84494984986904,34.84494984986904,16.0,0.0,26.0
322.0,12.212515172810324,1011.9741100323624,"[81, 96, 100, 111, 136, 147, 168, 170, 184, 192, 202, 220, 221, 223, 233, 234, 245, 249, 250, 263, 273, 278, 281, 339, 367, 374, 401, 689]",0.0,Hybrid,1.727304670031304,33.20769181626525,33.20769181626525,14.0,1.0,28.0
336.0,13.637162205328051,980.0145903479237,"[26, 40, 78, 95, 96, 112, 136, 151, 152, 162, 167, 188, 202, 205, 211, 217, 225, 231, 234, 237, 242, 245, 251, 254, 275, 298, 299, 385, 401, 689]",0.0,Hybrid,1.4230498945888967,32.26726506101067,32.26726506101067,14.0,1.0,30.0
