id,AmountRechargePerc,AvgWalkedDistance,CS_placement,Deaths,Policy,ReroutePerc,TravelWithPenlaty,fitness,generation,pure_elitist,zones
763.0,14.803072893375072,3035.4492123845735,"[245, 249, 263, 265, 314, 317]",28.960103494537787,Forced,14.70165463489427,446.4133872101195,289601481.3587651,16.0,1.0,6.0
786.0,11.110490001916567,2757.031956521739,"[151, 192, 211, 223, 240, 278, 280, 281]",9.029419280649078,Forced,11.020251708937584,303.9672187440108,90294496.77370952,23.0,1.0,8.0
609.0,10.325496709895866,2471.668408137418,"[169, 171, 186, 188, 204, 246, 258, 260, 279, 297]",0.42004727528269337,Forced,10.088321727464383,249.70562352264741,4200722.458450456,12.0,1.0,10.0
442.0,10.423720692519007,2180.1532368867697,"[131, 136, 169, 186, 191, 204, 229, 238, 260, 278, 280, 689]",0.005589982750910369,Forced,9.880693796716285,216.2288059796844,56116.05631508338,8.0,0.0,12.0
452.0,8.086309333674055,1721.1733768971333,"[59, 135, 148, 173, 187, 192, 202, 221, 223, 225, 246, 248, 368, 689]",0.0,Forced,7.576822334376796,131.1744793330352,131.1744793330352,10.0,0.0,14.0
642.0,6.782246214783108,1559.2701587698461,"[42, 94, 113, 151, 187, 218, 221, 239, 248, 263, 279, 281, 315, 337, 349, 689]",0.0,Forced,6.38775314636172,100.19406822973231,100.19406822973231,11.0,1.0,16.0
473.0,6.6784322494090596,1295.090318388564,"[61, 96, 151, 170, 184, 186, 225, 230, 240, 245, 253, 258, 281, 299, 317, 348, 349, 689]",0.0,Forced,6.144988181179327,80.38331310291957,80.38331310291957,13.0,0.0,18.0
671.0,6.120232543282437,1161.515258050907,"[25, 101, 112, 117, 150, 174, 186, 218, 225, 237, 240, 245, 248, 259, 266, 298, 302, 352, 367, 689]",0.0,Forced,5.678623905960518,66.62049607104069,66.62049607104069,18.0,1.0,20.0
688.0,6.69520219766179,1007.5238855622089,"[41, 112, 118, 133, 151, 171, 174, 186, 202, 227, 235, 238, 241, 242, 245, 265, 278, 282, 297, 356, 367, 689]",0.0,Forced,6.001245767584488,61.50491918482079,61.50491918482079,17.0,1.0,22.0
697.0,6.523509870312401,983.7433808553972,"[21, 43, 78, 117, 131, 171, 194, 203, 206, 217, 219, 243, 246, 251, 258, 274, 279, 281, 301, 338, 350, 367, 372, 689]",0.0,Forced,5.881460422922124,58.82155177921166,58.82155177921166,9.0,1.0,24.0
706.0,6.386156008432889,929.1933902814732,"[20, 58, 80, 93, 114, 149, 150, 174, 186, 193, 200, 205, 207, 232, 242, 245, 256, 273, 278, 282, 300, 314, 350, 367, 374, 689]",0.0,Forced,5.702580974892991,54.013368044464315,54.013368044464315,9.0,1.0,26.0
527.0,6.507538491024086,884.6483717012914,"[23, 24, 77, 113, 119, 149, 151, 152, 153, 162, 207, 211, 220, 223, 230, 236, 240, 244, 250, 254, 263, 266, 298, 302, 315, 335, 382, 689]",0.0,Forced,5.6890053024979235,51.555492557337246,51.555492557337246,13.0,0.0,28.0
727.0,6.366191784322495,847.6738670055062,"[26, 58, 77, 78, 100, 130, 133, 149, 155, 171, 174, 186, 187, 199, 206, 213, 220, 225, 245, 256, 259, 263, 264, 276, 286, 351, 354, 365, 386, 689]",0.0,Forced,5.656263974956877,49.01156327860475,49.01156327860475,12.0,1.0,30.0
